[[9.28968936e-03, 7.41601177e-03, 1.14927180e-02, 9.03885718e-03,
        8.58805049e-03, 4.25078580e-03, 3.94227402e-03, 1.67561918e-02,
        3.01776600e-15, 2.58835608e-15, 2.86482531e-15, 3.70385358e-15,
        1.86951839e-15, 3.12596090e-15, 2.85506643e-15, 1.76499453e-15,
        8.34258843e-16],
       [9.63815954e-03, 4.83665662e-03, 1.44781983e-02, 9.69953369e-03,
        7.99064990e-03, 3.45490174e-03, 4.53762524e-03, 2.02246271e-02,
        3.06282286e-15, 2.47427302e-15, 2.76861359e-15, 5.60195616e-15,
        3.82138999e-15, 4.90835306e-15, 5.29086213e-15, 1.91518215e-15,
        1.57176895e-15],
       [9.01449006e-03, 7.00850459e-03, 1.47877317e-02, 8.47018789e-03,
        1.11071263e-02, 4.18623863e-03, 3.35380109e-03, 1.01983240e-02,
        2.78098090e-15, 3.23178327e-15, 3.15970246e-15, 5.35323722e-15,
        1.69919182e-15, 2.33771501e-15, 2.65897089e-15, 3.30990618e-15,
        2.03448484e-15],
       [8.73369537e-03, 6.01224555e-03, 1.03400154e-02, 7.71949394e-03,
        9.41163953e-03, 3.84951080e-03, 3.86026781e-03, 1.26101971e-02,
        2.71129550e-15, 6.50927159e-15, 6.80482976e-15, 4.80998332e-15,
        3.44252613e-15, 7.97699970e-15, 6.22980620e-15, 3.02500919e-15,
        2.33747445e-15],
       [6.94767619e-03, 6.50707353e-03, 1.68047603e-02, 8.69378541e-03,
        9.77897458e-03, 9.18308087e-03, 8.98820162e-03, 1.72638223e-02,
        3.70276938e-15, 4.29943506e-15, 3.88692112e-15, 5.23892038e-15,
        4.25539569e-15, 8.70400299e-15, 7.30080567e-15, 3.39338975e-15,
        2.00126569e-15],
       [8.99470039e-03, 9.66972951e-03, 1.08036501e-02, 1.15597164e-02,
        1.02509363e-02, 3.82842054e-03, 4.00192430e-03, 2.24878564e-02,
        2.10271186e-15, 1.63199659e-15, 2.26858336e-15, 3.08657684e-15,
        2.29508405e-15, 3.52238736e-15, 3.37281193e-15, 3.91440395e-15,
        1.91344955e-15],
       [9.58042871e-03, 3.57497041e-03, 1.97386555e-02, 1.19657516e-02,
        1.19425412e-02, 5.30116865e-03, 2.84321047e-03, 1.63304005e-02,
        3.29955861e-15, 2.88942695e-15, 3.95430047e-15, 4.90480739e-15,
        4.56665023e-15, 4.44808553e-15, 3.92313093e-15, 3.12949367e-15,
        1.89802169e-15],
       [9.76421032e-03, 6.44924492e-03, 1.68462172e-02, 1.10214995e-02,
        8.82040337e-03, 2.30730325e-03, 7.75244879e-03, 1.35908499e-02,
        3.43067148e-15, 3.55645079e-15, 5.46020011e-15, 4.07467613e-15,
        3.92713739e-15, 6.27831366e-15, 6.12294198e-15, 4.30331362e-15,
        2.38382918e-15],
       [3.24799730e-14, 2.98280484e-14, 3.73173951e-14, 1.85121100e-14,
        3.49463670e-14, 2.32164650e-14, 4.63959451e-14, 2.07384328e-14,
        7.29053514e-03, 1.91550888e-03, 6.54023094e-03, 1.96951497e-02,
        1.11166069e-14, 9.59655803e-15, 7.61501000e-15, 4.01594685e-14,
        1.01373242e-13],
       [6.85995992e-14, 6.14364787e-14, 4.77061763e-14, 4.91638590e-14,
        7.65919107e-14, 7.31047235e-14, 9.24742122e-14, 3.99532363e-14,
        5.37874689e-03, 2.61693052e-03, 4.97591263e-03, 1.23331556e-02,
        3.27550622e-14, 2.36215856e-14, 1.68904417e-14, 8.41948784e-14,
        1.59137541e-13],
       [3.48090697e-14, 3.61059280e-14, 3.34401967e-14, 3.03661650e-14,
        2.94126465e-14, 2.33356747e-14, 3.97484271e-14, 1.20266413e-14,
        6.96521625e-03, 2.27721105e-03, 5.00267744e-03, 2.51489114e-02,
        3.23417610e-14, 2.31845674e-14, 1.50120259e-14, 3.71420153e-14,
        8.36781545e-14],
       [2.75496738e-14, 3.29645911e-14, 3.00253664e-14, 2.74326900e-14,
        2.79308860e-14, 2.99341071e-14, 3.58645134e-14, 2.19171418e-14,
        7.42017338e-03, 3.23823513e-03, 7.60598201e-03, 1.95559319e-02,
        1.66170737e-14, 1.70624148e-14, 1.25857864e-14, 1.05298941e-13,
        2.32996456e-13],
       [2.22620638e-14, 1.37802359e-14, 1.54437332e-14, 1.45392375e-14,
        2.38699526e-14, 2.55080567e-14, 3.61804838e-14, 1.57114905e-14,
        4.43037873e-15, 1.86664344e-14, 8.74527891e-15, 8.47500255e-15,
        2.22920701e-02, 1.33601930e-02, 2.96490230e-02, 5.13080806e-15,
        6.54421678e-15],
       [3.37836652e-14, 1.85510143e-14, 1.69543809e-14, 1.98611879e-14,
        2.60529682e-14, 2.43329526e-14, 3.50849924e-14, 1.72190414e-14,
        3.67875345e-15, 8.36339919e-15, 5.05546532e-15, 8.83969598e-15,
        2.44026314e-02, 1.02334609e-02, 2.37002503e-02, 5.56281519e-15,
        6.27579586e-15],
       [4.42608732e-14, 2.53140218e-14, 2.61582561e-14, 2.87227009e-14,
        3.39677186e-14, 3.62419953e-14, 5.03706065e-14, 2.11051608e-14,
        5.22430228e-15, 1.08995598e-14, 8.06722395e-15, 1.10141236e-14,
        2.75324192e-02, 8.81285686e-03, 2.18485054e-02, 8.68123898e-15,
        9.89696081e-15],
       [5.76195518e-14, 8.89285797e-14, 5.52289097e-14, 3.40028400e-14,
        6.80057071e-14, 3.71669485e-14, 2.92456556e-14, 7.02695755e-14,
        2.72777864e-14, 3.17585720e-14, 1.82144728e-14, 2.58736683e-14,
        5.48099604e-15, 3.60316000e-15, 6.31015194e-15, 2.18017064e-02,
        2.92812753e-02],
       [5.85649828e-14, 6.48716649e-14, 6.29689036e-14, 2.87774599e-14,
        6.81366788e-14, 2.64995596e-14, 3.26795509e-14, 6.90966381e-14,
        2.80184913e-14, 2.81491935e-14, 1.76811894e-14, 2.40947822e-14,
        7.16106302e-15, 4.61674461e-15, 6.04216977e-15, 1.81073658e-02,
        2.34940276e-02]]
